%YAML:1.0

image_width: 752
image_height: 480

camera_name: tara_left

camera_matrix:
  rows: 3
  cols: 3
  dt: d
  data: [ 7.1440606590740231e+002, 0., 3.7835395440554737e+002, 0., 7.1440606590740231e+002, 2.1130912263284839e+002, 0., 0., 1. ]

distortion_model: plumb_bob

distortion_coefficients:
  rows: 1
  cols: 14
  dt: d
  data: [ 7.5270545691135171e-002, -1.2378144482506551e-001, -4.3822644581011077e-003, -2.0232366942786123e-003, 0., 0., 0., 0., 0., 0., 0., 0., 0., 0. ]

rectification_matrix:
  rows: 3
  cols: 3
  dt: d
  data: [ 9.9948269624911279e-001, -8.0843796492883462e-003, -3.1128487022178745e-002, 8.2917527231818351e-003, 9.9994424569535834e-001, 6.5385271673872817e-003, 3.1073891539061930e-002, -6.7932544797929947e-003, 9.9949400446335424e-001 ]

projection_matrix:
  rows: 3
  cols: 4
  dt: d
  data: [ 7.4657552587305429e+002, 0., 3.9494218444824219e+002, 0., 0., 7.4657552587305429e+002, 2.0370913124084473e+002, 0., 0., 0., 1., 0. ]
