%YAML:1.0

image_width: 752
image_height: 480

camera_name: tara_right

camera_matrix:
  rows: 3
  cols: 3
  dt: d
  data: [ 7.1440606590740231e+002, 0., 3.7111754911001270e+002, 0., 7.1440606590740231e+002, 1.9932950362001316e+002, 0., 0., 1. ]

distortion_model: plumb_bob

distortion_coefficients:
  rows: 1
  cols: 14
  dt: d
  data: [ 6.0748180561220451e-002, -7.5368746808464587e-002, -4.9675299322307995e-003, -2.2848976963829250e-003, 0., 0., 0., 0., 0., 0., 0., 0., 0., 0. ]

rectification_matrix:
  rows: 3
  cols: 3
  dt: d
  data: [ 9.9984567999348539e-001, -7.6882827099822105e-003, -1.5795774983714768e-002, 7.5828012454140824e-003, 9.9994862363074488e-001, -6.7269030208272577e-003, 1.5846681786333291e-002, 6.6060887028904685e-003, 9.9985261027234029e-001 ]

projection_matrix:
  rows: 3
  cols: 4
  dt: d
  data: [ 7.4657552587305429e+002, 0., 3.9494218444824219e+002, -4.5116100399027047e+004, 0., 7.4657552587305429e+002, 2.0370913124084473e+002, 0., 0., 0., 1., 0. ]
