%YAML:1.0
R: !!opencv-matrix
   rows: 3
   cols: 3
   dt: d
   data: [ 9.9988374885687492e-001, -6.0840413819958881e-004,
       -1.5235439485830757e-002, 8.1229807438470253e-004,
       9.9991015034516051e-001, 1.3380261901652783e-002,
       1.5225929980140468e-002, -1.3391082149068151e-002,
       9.9979440385267049e-001 ]
T: !!opencv-matrix
   rows: 3
   cols: 1
   dt: d
   data: [ -6.0421399468417341e+001, 4.6460849923265918e-001,
       9.5455013638773323e-001 ]
R1: !!opencv-matrix
   rows: 3
   cols: 3
   dt: d
   data: [ 9.9948269624911279e-001, -8.0843796492883462e-003,
       -3.1128487022178745e-002, 8.2917527231818351e-003,
       9.9994424569535834e-001, 6.5385271673872817e-003,
       3.1073891539061930e-002, -6.7932544797929947e-003,
       9.9949400446335424e-001 ]
R2: !!opencv-matrix
   rows: 3
   cols: 3
   dt: d
   data: [ 9.9984567999348539e-001, -7.6882827099822105e-003,
       -1.5795774983714768e-002, 7.5828012454140824e-003,
       9.9994862363074488e-001, -6.7269030208272577e-003,
       1.5846681786333291e-002, 6.6060887028904685e-003,
       9.9985261027234029e-001 ]
P1: !!opencv-matrix
   rows: 3
   cols: 4
   dt: d
   data: [ 7.4657552587305429e+002, 0., 3.9494218444824219e+002, 0., 0.,
       7.4657552587305429e+002, 2.0370913124084473e+002, 0., 0., 0., 1.,
       0. ]
P2: !!opencv-matrix
   rows: 3
   cols: 4
   dt: d
   data: [ 7.4657552587305429e+002, 0., 3.9494218444824219e+002,
       -4.5116100399027047e+004, 0., 7.4657552587305429e+002,
       2.0370913124084473e+002, 0., 0., 0., 1., 0. ]
Q: !!opencv-matrix
   rows: 4
   cols: 4
   dt: d
   data: [ 1., 0., 0., -3.9494218444824219e+002, 0., 1., 0.,
       -2.0370913124084473e+002, 0., 0., 0., 7.4657552587305429e+002, 0.,
       0., 1.6547873581049893e-002, 0. ]
