%YAML:1.0
M1: !!opencv-matrix
   rows: 3
   cols: 3
   dt: d
   data: [ 7.1440606590740231e+002, 0., 3.7835395440554737e+002, 0.,
       7.1440606590740231e+002, 2.1130912263284839e+002, 0., 0., 1. ]
D1: !!opencv-matrix
   rows: 1
   cols: 14
   dt: d
   data: [ 7.5270545691135171e-002, -1.2378144482506551e-001,
       -4.3822644581011077e-003, -2.0232366942786123e-003, 0., 0., 0.,
       0., 0., 0., 0., 0., 0., 0. ]
M2: !!opencv-matrix
   rows: 3
   cols: 3
   dt: d
   data: [ 7.1440606590740231e+002, 0., 3.7111754911001270e+002, 0.,
       7.1440606590740231e+002, 1.9932950362001316e+002, 0., 0., 1. ]
D2: !!opencv-matrix
   rows: 1
   cols: 14
   dt: d
   data: [ 6.0748180561220451e-002, -7.5368746808464587e-002,
       -4.9675299322307995e-003, -2.2848976963829250e-003, 0., 0., 0.,
       0., 0., 0., 0., 0., 0., 0. ]
