image_width: 752
image_height: 480
camera_name: narrow_stereo/left
camera_matrix:
  rows: 3
  cols: 3
  data: [725.392680, 0.000000, 378.391004, 0.000000, 723.106534, 221.545605, 0.000000, 0.000000, 1.000000]
distortion_model: plumb_bob
distortion_coefficients:
  rows: 1
  cols: 5
  data: [0.093727, -0.126845, -0.000368, -0.004806, 0.000000]
rectification_matrix:
  rows: 3
  cols: 3
  data: [0.999954, -0.004644, -0.008365, 0.004665, 0.999986, 0.002583, 0.008353, -0.002622, 0.999962]
projection_matrix:
  rows: 3
  cols: 4
  data: [751.897328, 0.000000, 379.317963, 0.000000, 0.000000, 751.897328, 220.340998, 0.000000, 0.000000, 0.000000, 1.000000, 0.000000]
